123456
123456123456
123456123456
123456123456
123456123456
123456123456
123456123456
123456123456
123456123456
123456123456
123456123456
123456123456
123456123456
123456123456
123456123456
123456123456
123456123456
123456123456
123456123456
123456123456
123456123456
123456123456
123456123456
123456123456
123456123456
123456123456
123456123456
123456123456
123456123456
123456123456
123456123456
123456123456
123456123456
123456123456
123456123456
123456123456
123456123456
123456123456
123456123456
123456123456
123456123456
123456123456
123456123456
123456123456
123456123456
123456123456
123456123456
123456123456
123456123456
123456123456
123456123456
123456123456
123456123456
123456123456
123456123456
123456123456
123456123456
123456123456
123456123456
123456123456
123456123456
123456123456
123456123456
123456123456
123456123456
123456123456
123456123456
123456123456
123456123456
123456123456
123456123456
123456123456
123456123456
123456123456
123456123456
123456123456
123456123456
123456123456
123456123456
123456123456
123456123456
123456123456
123456123456
123456123456
123456123456
123456123456
123456123456
123456123456
123456123456
123456123456
123456123456
123456123456
123456123456
123456123456
123456123456
123456123456
123456123456
123456123456
123456123456
123456123456
123456123456
123456123456
123456123456
123456123456
123456123456
123456123456
123456123456
123456123456
123456123456
123456123456
123456123456
123456123456
123456123456
123456123456
123456123456
123456123456
123456123456
123456123456
123456123456
123456123456
123456123456
123456123456
123456123456
123456
